#bootstrap samples for the pion decay
#computed using 2 states fits to pion
#correlation function
#obtained from 12 point sources
#and using continuum dispersion
#relation
#we used here the same gauge configurations
#as in the sLapH method 
0.0602436529945997
0.0601869318716573
0.0602225667310433
0.0601405128242376
0.0601159001074308
0.0602916860168946
0.0602194310330965
0.0601639719146623
0.0601933162124096
0.0602097259487807
0.0601914125445657
0.06033321141833
0.0603101021660599
0.0602413015142608
0.060198070210315
0.0602251955676598
0.060204207824206
0.0601646994667982
0.0601068542098727
0.0600479570573266
0.0601697211909828
0.0601975910867677
0.060080282740395
0.0602458715769583
0.0603136286300941
0.0601710491456904
0.0601420564355157
0.0601613207797961
0.0600328117639054
0.0601428222705097
0.0601720247214749
0.0601020863579673
0.0602121891412995
0.0602437055913317
0.0602161049788376
0.0602353930071333
0.060232119415847
0.0601996939035544
0.0602003925317455
0.0602234020277601
0.0601107104074364
0.0602297622922273
0.0601115395037841
0.0602152293881004
0.0602462170025196
0.0602440477177915
0.0602525824288435
0.0602072660886159
0.0602019266163958
0.060224323957956
0.0601659108808665
0.0602336830176098
0.0601697858138666
0.0602826105201218
0.0602591717613123
0.060164197223341
0.0602630105014491
0.0602212245809162
0.0602694209817998
0.0601180689119
0.0602452059358208
0.0601416212429371
0.0602936870206208
0.0602075400417979
0.0601547355882601
0.0602223767703581
0.0601733600904569
0.0602326579950389
0.0602628529813463
0.0601060345808415
0.0601181759254546
0.0601447489112337
0.0601283684878717
0.0602284564792826
0.0602253617676251
0.0602401219239183
0.0602209297354081
0.0602635819111964
0.0602871731232865
0.0601881127713586
0.0601138682757938
0.0601532471607919
0.0602268378805
0.0602904623843989
0.0602704179086691
0.0602026181726337
0.0601920441511787
0.0602212431422661
0.0602791161622964
0.0602467175157729
0.060141567145
0.0602787614757028
0.0601761578661978
0.0601294574939855
0.0602114393027529
0.0602269146661674
0.0602347886869906
0.0601493795491152
0.0602740943777157
0.0601931663212169
0.0600569866644216
0.0602479639279393
0.0602571436252423
0.0601471141851882
0.0603105275957358
0.0600761774230984
0.060169269803903
0.0602652679323262
0.0602186033411119
0.0601617634601362
0.0601829754370286
0.0601634947365038
0.0602316467001137
0.0602248892123978
0.060139603428046
0.060184631029213
0.0601730716546071
0.0602139894338414
0.0602193170175227
0.0601278147482052
0.0602112734321781
0.0602435555871883
0.0601997695167079
0.0601512936994706
0.0602296420192217
0.0602883754302247
0.060141879054889
0.0602186029939035
0.0601967688656494
0.0602803225492684
0.0602568409132407
0.0602129183106446
0.0602207496714032
0.0602086507076765
0.0602087534948304
0.0602634446385995
0.0602323526705201
0.0602266602941845
0.060159478002732
0.0601632523002392
0.0600834036949554
0.0600890621445958
0.0602452318378507
0.0602513623464067
0.0601863121336211
0.0602225036559951
0.0601832843096362
0.060282516146854
0.0602129397147671
0.0601575016476473
0.0602238576386755
0.0602179684984234
0.0602293390148826
0.0602530288011507
0.0601863259392906
0.0602674094084875
0.0601886765367062
0.0602531215509748
0.0601452822973663
0.0603122343985496
0.0601662211666
0.0601754292719552
0.060040777537494
0.0601435959900317
0.06022306429651
0.0602637855731123
0.06026669384767
0.0602394586432542
0.0603511961386224
0.0602483561351143
0.0601469199740196
0.0601842187498252
0.0602548872736898
0.0601523975874815
0.0601838265872408
0.0601858176722482
0.0602376383764296
0.0601307628347345
0.0601718852591225
0.0601454694943373
0.0602879555713773
0.0602302545852464
0.0602123328062619
0.0603190337735378
0.0600880158767411
0.0600877267397445
0.0602593774729568
0.0602103697965838
0.0602215712174658
0.0601236494552509
0.0602768598153789
0.0602009351676605
0.060140396293854
0.0602142698758366
0.0602534548118766
0.0601868750327654
0.0602153683623534
0.0601767939374141
0.0602281764175961
0.0603025704248228
