#bootstrap samples for the pion decay
#computed using 2 states fits to pion
#correlation function
#obtained from 12 point sources
#and using continuum dispersion
#relation
#we used here the same gauge configurations
#as in the sLapH method 
0.0657991702895769
0.0657625663809045
0.0657948528776072
0.0656975039174827
0.065818781245896
0.0657540768231898
0.0656914119415497
0.0656869458939502
0.065546368523819
0.0655931392851499
0.0657527742080713
0.0655594564847138
0.0657475105410419
0.0657346121139905
0.0656276049844121
0.0656332557306425
0.0657280182639059
0.0656475356332011
0.0656117365888726
0.0655363958241281
0.0656986382226843
0.0657545484263603
0.0657403257446215
0.0659347254720622
0.065718167063402
0.0655714315264644
0.0655367408057938
0.0656175630615188
0.0655207887371591
0.0656274201499911
0.0655878694407806
0.0658859270460078
0.0654213834414914
0.065539574436143
0.0655537800526061
0.065648880182796
0.0655431488972105
0.0656445357019447
0.0655097264841996
0.0657834957439211
0.0656922184147261
0.0657380070607977
0.0655186933458363
0.0655767586832212
0.0656475205772696
0.0655908366493676
0.0656117010836823
0.0656720893008086
0.0656664119960454
0.0656933552754839
0.0655946785745083
0.0656334119982
0.0657819221556932
0.0657250940115241
0.065714384818289
0.0656389389042223
0.0657896507822744
0.0655121833842392
0.0657052647067339
0.0657585881380099
0.0656271622256646
0.0654514777548959
0.0657047301175865
0.0655868025067848
0.0657383433869253
0.0657949950919166
0.0656921212218555
0.0657124642149924
0.0655671625313555
0.0657476439451389
0.0656494236262486
0.065698357945073
0.0655162430292251
0.0656174977354074
0.0655744327514774
0.0655392110683118
0.0657369421978572
0.0654902691476218
0.0655673421841574
0.0657769963781416
0.0657006611910529
0.0657996430972892
0.0657785955425603
0.0656406387573288
0.0656993781052
0.0656040392103451
0.0657033669661152
0.0657131230295421
0.0655706763039189
0.0657120044683874
0.0656750606924282
0.0655177080169754
0.0656009708288854
0.0656141272005238
0.0654705926485363
0.0656506263559884
0.0657492471561271
0.0657775603643808
0.0657873384637079
0.0655632571599409
0.065723008724387
0.06570157471733
0.0656472891277218
0.0656417424035397
0.0656224201524446
0.0656810433660416
0.0655701728577988
0.06574282950621
0.0657481231105044
0.065783946743963
0.0657229368402627
0.0657216547341684
0.0655640696008122
0.0656173641997543
0.065841408496646
0.0656798965349552
0.0656821354575733
0.0656439211675924
0.0656363664619756
0.0657600181536965
0.0657237553518443
0.0656958409256118
0.0656726013986807
0.0657407443187537
0.0656754131887185
0.0657691764107593
0.0658167596851108
0.0656035836036767
0.0657064089654979
0.0656321560174548
0.065715309023022
0.0656500843582455
0.0656264586086873
0.0655507535077402
0.0656182957446931
0.0656091094533657
0.0656501686094316
0.0657175115030163
0.0655051313255698
0.0656557554890807
0.0655889858929069
0.0657014610934416
0.0658260739916072
0.0657759368668766
0.065717757591199
0.0655536239679918
0.0656692710565781
0.0658079307965006
0.0656733702840596
0.0654464051987919
0.065802409124376
0.0655752669475533
0.0657799731163355
0.0658289895056461
0.0655564339005189
0.0655737121013928
0.06561012903191
0.0656278253634465
0.0657961799011675
0.0656122042404938
0.0655587371288447
0.0658131057164771
0.0655382832288915
0.0657397062160865
0.0655621923532034
0.06558681254561
0.0656378651514266
0.0659123948808298
0.0657411588104828
0.0655341159483492
0.0658131809602304
0.065661424005607
0.065735572400175
0.0656408778977297
0.0656883495833137
0.0654174755193487
0.0655189969649983
0.0656838472364717
0.0657710627864452
0.0657645680541417
0.0655848049901101
0.0657084724088847
0.0656832126889599
0.0656082018820623
0.0656679761096292
0.0656794874997162
0.0658051840110605
0.0656153184227268
0.0655018451703165
0.0657317937088645
0.0658645337828767
0.0657528699280697
0.0657658723122324
0.0657278046770091
0.0657439507639575
0.0654545622449144
0.0656302852328673
0.0656776444300062
0.0656343572288365
0.0656998232486118
