#bootstrap samples for the pion mass
#computed using 2 states fits to pion
#correlation function 
#obtained from 12 point sources 
#we used here the same gauge configurations
#as in the sLapH method
0.11199388007965
0.112086606672977
0.112216843830244
0.112034125577773
0.112077303139938
0.112060140835846
0.112089434908931
0.111986240546204
0.111930597092055
0.112196317127065
0.112110865616081
0.112058064874174
0.111936779237047
0.11215996471584
0.112103029348529
0.11212462860316
0.111969060244487
0.112008732459196
0.1120900967918
0.11212672477772
0.112047159771617
0.112180372204384
0.112117960356476
0.112132715943083
0.112028489421883
0.11205714875499
0.112185573885679
0.112000563283645
0.112265248182163
0.112000293531183
0.112120293671941
0.112023166933907
0.112024185962902
0.112120659983614
0.112162495219323
0.112081748940188
0.112029421714127
0.112304194921177
0.112304169743046
0.112191616490017
0.112162360133435
0.112095737107648
0.111905027212446
0.111831240105491
0.112190980990463
0.112028326531318
0.112174142033142
0.11220210763907
0.112083996755575
0.111963490157997
0.11207875132331
0.112063968028173
0.111910386926655
0.1120489704914
0.112147942813161
0.111907487451774
0.111952048988574
0.112182340380803
0.112102900673705
0.112139771045931
0.112335208941313
0.112068429872892
0.112183780034382
0.111984546616996
0.112126899481464
0.112109183782156
0.11202416241254
0.112227551548706
0.112159769489133
0.11212471956496
0.112010483892721
0.112006084588071
0.112028571579184
0.111887423334147
0.112131773994067
0.112040941262757
0.112150856954699
0.111985840355736
0.112085018458551
0.11215096829554
0.111965932921758
0.112033903563689
0.111841083048271
0.112164711712474
0.112244116586211
0.112070152908182
0.112063337573724
0.11205436027442
0.112090328514906
0.112016252498936
0.111862758627205
0.112113267775804
0.112253931029313
0.112061811150839
0.112070837423746
0.112044685420904
0.112024623439098
0.111911619317726
0.111926207078039
0.112148708737124
0.111956454971276
0.112108163583641
0.112168997657773
0.111991757032174
0.111928583891305
0.112226214442121
0.112019669939123
0.112053151866122
0.112038761382146
0.112075679235823
0.11203530380436
0.111976232633027
0.112002616399554
0.112051238105401
0.112098338959762
0.112259011333937
0.112327038816051
0.112105456257293
0.112070704897251
0.112079173766361
0.11193788628279
0.11223689560062
0.112137392643735
0.111901978869922
0.112056731666069
0.111972890320064
0.112029558883463
0.112247463261925
0.112257512116026
0.111982782101713
0.112037507696312
0.112139305463583
0.112213822926552
0.112128608055217
0.112031836799319
0.112166644621514
0.112088199688725
0.111960472714719
0.112108179097172
0.112190974709094
0.112137124456752
0.112129237286558
0.112104084742828
0.112152376212494
0.112091575218537
0.112086689977769
0.112135774758373
0.112039468320718
0.112169337585069
0.112052756093818
0.112007562400391
0.112138385159643
0.112271405100062
0.112025325080871
0.112054486429593
0.112153961869988
0.112255525773601
0.112055472312347
0.112056687714813
0.112149877844856
0.112148691946228
0.112020718830313
0.112089914447088
0.112217068011396
0.112195253468513
0.112158126206391
0.112063230663955
0.112157270295547
0.112243607300696
0.111944222097322
0.112107710698452
0.1120332777557
0.111956850629371
0.112057417705784
0.112036453440779
0.112270196897329
0.111948219638647
0.112002633977415
0.112132512827182
0.112091733912032
0.112208494334806
0.112038326552774
0.111964923795824
0.112148292752922
0.112157515049603
0.112254297894103
0.11203105082502
0.111967482168166
0.111987391242015
0.112199109348619
0.112092373329439
0.112025921272528
0.112101515204226
0.111945127855032
0.112114894970572
0.112037875067177
0.112075215421365
0.112019361535352
0.112076042101705
0.112223948808049
