#bootstrap samples for the pion mass
#computed using 2 states fits to pion
#correlation function 
#obtained from 12 point sources 
#we used here the same gauge configurations
#as in the sLapH method 
0.157887580587227
0.157660064872583
0.158338210642498
0.158140651622482
0.157631057963987
0.157992802492402
0.158198106726771
0.158085165822477
0.157799246045444
0.158041122004534
0.157987728393956
0.158166006730344
0.157898948481782
0.157617210506916
0.158096182310144
0.157772552858928
0.158166920554927
0.157942490055548
0.158283137936005
0.157643604564272
0.157854656117623
0.157863603850065
0.158452183051086
0.158078901528976
0.157975312258664
0.158443686925927
0.157526638095832
0.15838867954075
0.157757898280147
0.157890594370161
0.158179888650348
0.158307317131181
0.157479427186343
0.157724000785181
0.157796496658151
0.157716002794967
0.157716292980653
0.157995354175443
0.158843858643248
0.157934109272471
0.157658149792529
0.157911830984961
0.157849269316674
0.157548186866586
0.157637219181824
0.1582447275292
0.157747605628918
0.158179024262429
0.158224014696508
0.157547750124767
0.157977296606094
0.158177275813784
0.158097244137012
0.158417091251454
0.15761549051958
0.157819270795132
0.158100721910832
0.157763046058314
0.15794241491272
0.157793497260632
0.157681782755825
0.15812242209495
0.158088721432912
0.157785853247736
0.157567337166048
0.158186610664901
0.158211067209125
0.157935556469137
0.158057955414385
0.157888208284453
0.15775019773717
0.158012128289194
0.158007992658216
0.157988285712255
0.157832059570792
0.158011849622453
0.158199360391515
0.158404452840491
0.157969882936942
0.157736141829692
0.15855932784195
0.157832061832429
0.158314735641259
0.157934531147361
0.157864761924698
0.157898016188092
0.157679455211029
0.158570459321328
0.158262580231825
0.157618597508216
0.158176776915563
0.158022472405222
0.158336397615856
0.158192490059972
0.157807806446827
0.158029446890033
0.157945849385301
0.157997288910596
0.158228431365341
0.157974704045368
0.157436824228086
0.157984036944998
0.158048519381072
0.157453523267606
0.158035819180278
0.15758196588847
0.157961517748163
0.157988515381127
0.157519650550439
0.158142329191619
0.158260958661941
0.158004373588308
0.157988562372743
0.15769152659284
0.158265908050026
0.157729259193663
0.157775841006072
0.158201752858162
0.1582098178869
0.158161168249185
0.158016378060709
0.157884835438072
0.157681068469596
0.157698663645398
0.157820080631925
0.158032005525813
0.157848754002948
0.157959564203543
0.157954438652018
0.157752748797181
0.15771479136379
0.158056060890902
0.158224990585419
0.15779776706876
0.158237878468154
0.157452053510709
0.157734840761739
0.157569591211851
0.157626336031949
0.157968938745949
0.158070472489541
0.158025931901983
0.157846986048714
0.158131624141637
0.157685117970184
0.157960846624093
0.158013337009544
0.158026532450825
0.157867901037748
0.157851452813266
0.158173619426723
0.157860397953115
0.158211379815399
0.158096287116916
0.157969782318431
0.157499872318527
0.157575033334287
0.15766832495795
0.157995817077581
0.15815661491523
0.157908718572079
0.15794452414467
0.158034381891418
0.158026900075478
0.158132234960485
0.158072135594931
0.158122071177415
0.157992853681179
0.157674254259987
0.157827776983544
0.158138299682278
0.158259421573467
0.158064295830755
0.158016834143971
0.158090632073944
0.158063493980946
0.15782339470907
0.158045598975504
0.158182344180486
0.15808842455504
0.158092050653236
0.158757231208779
0.157862901370868
0.157924523477183
0.157853404068263
0.157389256015831
0.158142265701467
0.158016496525256
0.157623589825746
0.157612828596675
0.157907918429054
0.158008151036219
0.15775417357241
0.157957185285316
0.157954690459509
0.158139253065821
0.158053706331002
0.158000354561166
0.157529757398741
0.157693491300961
