#bootstrap samples for the pion decay
#computed using 2 states fits to pion
#correlation function
#obtained from 12 point sources
#and using continuum dispersion
#relation
#we used here the same gauge configurations
#as in the sLapH method
0.070526984080639
0.0703636163107531
0.0704859997073764
0.0705948432888349
0.0704696535190156
0.0703259741795104
0.0706296575780116
0.0704505539597571
0.0704155434957658
0.0704475009291059
0.0702912435526298
0.070323396071967
0.0705632893906161
0.0703359561263775
0.0705337196911964
0.0707760202434121
0.0703369486029555
0.0703805483342752
0.0700451257526919
0.0703416592559592
0.0707278814590651
0.0703996184952403
0.070450446103695
0.070581003605693
0.0706214461329549
0.0703696079322631
0.0706103530120131
0.0702103950290114
0.0705267908367709
0.0705609283564383
0.0703127386359904
0.0703965405208939
0.0704968646155267
0.0708458989217535
0.0706970458333005
0.0703910162473595
0.0706165198483743
0.070516568448163
0.0702805089678692
0.0703952625126599
0.0704764893112199
0.070508886023937
0.0701653370790287
0.070416407246272
0.0704543304350934
0.0703283916675092
0.0707657107149519
0.0702410972055522
0.0706834210362318
0.0705594419404824
0.070692233212283
0.0703250390005815
0.0706110712155056
0.070354610417317
0.0705383588208724
0.0706802062173726
0.0705242916794419
0.0705021598839898
0.070398739065629
0.0705008037477965
0.0706380243132508
0.0704721581920003
0.0704374923480999
0.0706825864100779
0.0706102012156506
0.0704226261952268
0.0705183440705535
0.0707590336390981
0.0702699386571955
0.0703911173979319
0.0706525184634059
0.0704274469408486
0.0704864876201484
0.0705966960904934
0.070634342853025
0.0702799142840567
0.0705420746722029
0.0700949086891236
0.0703744458306553
0.0706696688152271
0.0704964209342819
0.0705403380090091
0.0704917579580902
0.0705439838415576
0.0704711964958272
0.0705476943807371
0.0707000281626212
0.0702007910952251
0.0703612869447968
0.0706983646247868
0.0705304391478603
0.0705913852446942
0.0701243694352456
0.0703983887836176
0.0704750408395452
0.0705109869193661
0.0706977169038037
0.070415460695016
0.0700263515386886
0.0704846892303891
0.0706005470853867
0.070884158028212
0.0703511389009149
0.0706391245116732
0.0706905808293096
0.0709541447733482
0.0702267580393379
0.0702679427315702
0.0704236049380275
0.0705741662473066
0.0704561970882814
0.0703105431279066
0.0702974684179584
0.0703034865517306
0.070381972890905
0.0703107750951272
0.0705427972215497
0.0703264475234386
0.0705133923008228
0.0704030732961055
0.0706552027528666
0.0705162743131585
0.0705682605558452
0.0706040230241085
0.0704568046835814
0.0704408710430145
0.0704198741937203
0.0706039935148648
0.0704322148058171
0.0704145730510312
0.0704444632510571
0.0707155271822025
0.0703337041046719
0.0705467522056057
0.0705055295163132
0.0706312623672416
0.0706007742554521
0.0707116506909394
0.070612046574332
0.0705546531917541
0.0705875126583614
0.0702974862407752
0.0707228339432256
0.0705291779347433
0.0703595838932929
0.0703269947172241
0.070566046176951
0.0709454332403087
0.0703719888262255
0.0704207809287805
0.0700939373862345
0.0705005635773913
0.0700120411605924
0.0704523488773173
0.0706301955208708
0.0707309585066509
0.0705518197782592
0.0704728980318872
0.0704905314178967
0.0703299234559542
0.0704518943823238
0.0708350918004669
0.0705162570584135
0.0704078815984271
0.0705731944464666
0.0704927172062254
0.0703586514931888
0.070225779161898
0.0704596004087122
0.0707670316248534
0.0704442645776907
0.0704708392610349
0.0703343570430786
0.0703641128470193
0.0704656998138295
0.0702729477409527
0.0705436828539817
0.0703991110407653
0.0704574759223676
0.0703854151515501
0.0704325766252484
0.0705981705709817
0.0703476449089644
0.0706629225045817
0.0702321553982637
0.0705451836093123
0.0705299870195745
0.0700088177638896
0.070590421212401
0.0708068341801823
0.0701401925591299
0.0705949197983864
0.0707992489508182
0.0706541552720107
0.0707129630408348
0.0705555555326206
0.0705877734707273
0.0704817221357864
0.0705495563885741
0.0706821266810354
