#bootstrap samples for the pion mass
#computed using 2 states fits to pion
#correlation function 
#obtained from 12 point sources 
#we used here the same gauge configurations
#as in the sLapH method 
0.0621263574743368
0.0621281762439856
0.0620586554530814
0.0621771385103613
0.0621778248377412
0.0621105979485308
0.0621860388760212
0.0621855379437596
0.0622382796530934
0.0620803424282655
0.0621162043712945
0.062098649832468
0.0621085281511142
0.0621037607198016
0.0621063026200077
0.0621953102632493
0.0621093662026423
0.0621901709731757
0.0622586401152035
0.0621988569600665
0.0621007349775301
0.0621606076906561
0.0621672199159735
0.0621058262322187
0.0621143212042843
0.0621717807393684
0.0621895321044147
0.0622095077494037
0.0622568678662841
0.0622316403611753
0.0621356920236093
0.0622341209467024
0.0621625634093287
0.0621602731055889
0.0621509557913123
0.0621167764416395
0.0621296762619029
0.0622077020913897
0.0621426085227978
0.0621789659477368
0.0621059105635681
0.062134288706435
0.0621396399431511
0.0621375976141403
0.062141281233104
0.0621726041148895
0.0621456625347152
0.0622363414153999
0.0621001566935118
0.0621031759293425
0.0621588540410249
0.0621481226349011
0.0621208639320475
0.0620818968312032
0.0621424716818723
0.0621524654378085
0.0620998120701854
0.0620711918328502
0.0621718135544877
0.0621892108187113
0.0621499441384192
0.062182732813844
0.0621213279402699
0.0621923953933561
0.0621632144845764
0.0620609390347519
0.0622058772868476
0.062157741460893
0.0621320691409736
0.0622312329587902
0.0621271187447403
0.0621542346222666
0.0622152827455952
0.0620870784188894
0.0620844795860824
0.062145752712337
0.0621764172698419
0.0621186549316403
0.0621245603804568
0.0620869725860837
0.0622398999802319
0.0622204740173891
0.0621247138948518
0.0620693441598762
0.0620953655686639
0.0621733252598281
0.0621813071549265
0.0621122322162558
0.0621338882827667
0.0621276958267945
0.0622171184760498
0.0620935709759778
0.0621422933951719
0.0622097328229223
0.0620945685895914
0.0621296077628359
0.0621420148356585
0.0622031273977737
0.0621476546573461
0.0622578153859111
0.0622088650647838
0.0620526578715972
0.0620847513158556
0.0621852687433294
0.0620847294959946
0.0622301041975248
0.0621417056963686
0.062169287278778
0.0621476318929537
0.0621510576868204
0.0621256428081417
0.0621799132314646
0.0621090251688248
0.0621460956142374
0.0621261693153111
0.0621348199206354
0.0621635485839132
0.0621374840898982
0.0621471910232047
0.0621599317920346
0.0621500442551699
0.0621347621517842
0.0621445499176344
0.0621869061853897
0.0621680459882874
0.0621215016481643
0.0621905557624079
0.0621453886986792
0.0621621591726157
0.0620953853197011
0.0620677097534868
0.0620721241723257
0.0621794255258429
0.0621377339375313
0.0621597361538653
0.0620913823760198
0.0621268537380235
0.0621372231446035
0.0621590279285154
0.0621761984812982
0.0621939620887523
0.0621941429832357
0.062110704982734
0.062147325459046
0.0621860628284903
0.062190361124275
0.0621987582661683
0.062100354024239
0.0621721544706254
0.0621036017762839
0.0621266603572292
0.0621544421948635
0.0621992020207325
0.0620916435069807
0.0621536427643561
0.062040052714237
0.0621609057514183
0.0620812187924378
0.0621741538680651
0.0620616680785884
0.0622222088985329
0.0621110716850139
0.062245914176647
0.0621900731312718
0.0621980404473216
0.062131484347741
0.0621256032686102
0.0620809669276981
0.0620798916905652
0.0620512791151103
0.0621629616156862
0.0621088648069478
0.0621131764963393
0.0621078721198099
0.0621753032755445
0.0621070772087813
0.0621294449991578
0.0622140732389553
0.0620957629111785
0.0621816221016372
0.0620225550968814
0.0621368231431172
0.0622037231346925
0.0620824390474741
0.0621490617722344
0.0621900075545669
0.0621473758320625
0.0622691695724552
0.062129267427637
0.0622508351689184
0.0620560925490144
0.0620487217783477
0.0622297833626414
0.0620896149224359
0.0621262320450496
0.0621168681265443
0.0621099718192146
0.062186924281629
0.062079296968135
0.0620988890083216
